0
22
29
44
85
99
100
118
119
124
127
142
178
183
192
199
269
279
327
354
398
405
426
439
518
528
542
545
547
567
572
580
583
588
595
615
633
645
653
672
673
709
718
787
801
815
838
882
895
907
925
950
974
982
1035
1075
1108
1111
1214
1228
1251
1263
1281
1314
1346
1356
1368
1375
1400
1406
1456
1461
1476
1498
1520
1528
1554
1573
1607
1624
1679
1702
1723
1749
1751
1782
1826
1864
1938
1943
2038
2048
2057
2081
2131
2188
2200
2209
2227
2241
2243
2324
2365
2428
2456
2458
2460
2464
2493
2500
2516
2555
2579
2607
2608
2644
2657
2658
2674
2677
2706
2733
2801
2817
2827
2834
2881
2893
2899
2905
2949
2967
2990
3008
3011
3014
3017
3027
3038
3090
3094
3113
3130
3143
3154
3159
3161
3185
3198
3222
3245
3268
3320
3348
3351
3363
3370
3379
3389
3404
3406
3493
3518
3528
3549
3573
3580
3595
3609
3616
3683
3689
3716
3734
3784
3796
3818
3826
3839
3862
3873
3956
3960
3981
3994
4007
4017
4026
4038
4060
4081
4097
4135
4150
4245
4256
4259
4284
4291
4297
4322
4328
4330
4331
4342
4391
4419
4492
4525
4532
4541
4548
4564
4569
4608
4655
4721
4742
4748
4759
4761
4764
4781
4832
4839
4866
4883
4884
4916
4929
4965
4966
4968
4974
4983
4994
5064
5069
5071
5085
5087
5098
5223
5269
5271
5345
5348
5366
5391
5416
5453
5458
5484
5597
5627
5640
5642
5650
5707
5718
5741
5742
5783
5788
5816
5835
5838
5844
5848
5885
5888
5938
5946
5964
5969
5983
5992
6012
6021
6024
6036
6044
6048
6077
6097
6108
6109
6126
6168
6169
6180
6190
6193
6222
6226
6246
6262
6305
6356
6359
6363
6387
6406
6449
6460
6486
6508
6519
6534
6546
6557
6574
6575
6649
6650
6710
6749
6771
6784
6787
6838
6897
6934
6939
6942
6973
6998
7014
7039
7045
7074
7108
7139
7165
7180
7185
7235
7277
7314
7333
7346
7349
7350
7356
7358
7364
7366
7407
7412
7417
7438
7454
7458
7475
7486
7491
7530
7541
7564
7566
7589
7598
7625
7633
7639
7640
7649
7671
7681
7693
7732
7736
7744
7748
7773
7791
7797
7804
7834
7855
7898
7932
7960
7975
7990
8023
8032
8063
8083
8100
8116
8122
8147
8151
8152
8179
8185
8188
8225
8273
8295
8307
8344
8373
8383
8400
8442
8453
8466
8473
8480
8487
8489
8492
8510
8527
8538
8557
8611
8650
8666
8668
8696
8702
8715
8716
8737
8743
8768
8780
8782
8794
8808
8857
8887
8897
8919
8981
8991
9016
9020
9040
9052
9069
9092
9095
9105
9106
9162
9196
9213
9228
9236
9245
9260
9284
9307
9335
9363
9420
9433
9460
9470
9476
9482
9535
9538
9546
9593
9617
9626
9647
9669
9670
9676
9681
9698
9730
9770
9777
9809
9811
9838
9846
9866
9910
9941
9969
9987
10030
10173
10213
10233
10251
10302
10313
10358
10393
10398
10411
10470
10475
10493
10517
10530
10587
10641
10655
10680
10706
10721
10739
10761
10787
10800
10811
10835
10872
10878
10881
10900
10991
11009
11042
11049
11061
11062
11086
11095
11111
11112
11124
11131
11168
11169
11171
11184
11222
11265
11268
11269
11312
11354
11372
11383
11417
11442
11456
11512
11520
11537
11584
11609
11619
11622
11692
11693
11695
11717
11724
11736
11768
11791
11815
11818
11837
11846
11858
11878
11880
11881
11903
11974
11991
11996
12006
12021
12035
12055
12069
12079
12109
12131
12162
12184
12197
12212
12213
12221
12242
12268
12269
12308
12334
12336
12366
12373
12374
12464
12468
12507
12511
12561
12571
12625
12700
12782
12794
12802
12812
12819
12850
12865
12871
12894
12901
12911
12937
12947
12988
13000
13021
13028
13060
13084
13085
13107
13116
13154
13156
13173
13204
13233
13234
13263
13301
13307
13341
13416
13419
13446
13458
13489
13561
13568
13605
13633
13639
13675
13680
13717
13732
13840
13841
13852
13853
13868
13885
13894
13921
13938
13940
13951
13966
14002
14004
14045
14083
14114
14129
14160
14167
14177
14179
14180
14205
14230
14237
14277
14295
14327
14333
14340
14377
14404
14407
14411
14425
14451
14486
14489
14498
14501
14537
14542
14557
14639
14655
14668
14671
14679
14692
14726
14767
14786
14797
14821
14826
14859
14860
14870
14871
14929
14942
15000
15033
15073
15074
15127
15131
15173
15207
15229
15245
15252
15253
15280
15283
15284
15293
15358
15360
15393
15402
15423
15450
15459
15518
15530
15538
15541
15561
15562
15570
15578
15610
15665
15673
15696
15713
15716
15728
15730
15733
15751
15752
15787
15805
15841
15863
15874
15879
15880
15885
15905
15939
15946
15955
15961
15970
16004
16046
16081
16087
16112
16213
16229
16259
16265
16269
16312
16319
16320
16324
16341
16354
16419
16427
16452
16487
16556
16567
16581
16650
16656
16661
16670
16702
16707
16762
16769
16785
16788
16889
16921
16937
16948
16954
16966
16967
17021
17043
17108
17110
17116
17150
17157
17189
17195
17209
17243
17260
17311
17320
17326
17338
17351
17380
17381
17386
17391
17402
17409
17418
17453
17458
17481
17482
17489
17491
17495
17506
17517
17520
17633
17636
17664
17677
17699
17704
17713
17721
17758
17794
17795
17798
17853
17854
17855
17868
17895
17950
17951
17976
18005
18008
18048
18105
18110
18154
18171
18175
18184
18232
18259
18267
18282
18287
18291
18296
18337
18400
18406
18416
18428
18437
18450
18459
18474
18487
18504
18533
18547
18548
18555
18559
18593
18620
18637
18655
18675
18682
18688
18712
18722
18760
18767
18774
18777
18814
18821
18830
18834
18852
18855
18879
18887
18893
18911
18916
19017
19021
19036
19040
19066
19083
19087
19102
19107
19161
19173
19254
19273
19285
19318
19337
19341
19382
19408
19425
19431
19436
19543
19590
19611
19621
19622
19626
19639
19652
19678
19701
19705
19737
19757
19803
19814
19816
19830
19859
19873
19988
19992
20010
20017
20022
20043
20046
20050
20051
20053
20075
20144
20187
20213
20300
20317
20343
20345
20352
20395
20404
20413
20449
20482
20502
20527
20553
20554
20559
20565
20569
20573
20575
20607
20617
20644
20645
20657
20699
20789
20805
20806
20831
20833
20836
20840
20851
20977
20983
20986
21029
21046
21050
21068
21089
21103
21142
21150
21155
21164
21170
21171
21263
21303
21322
21343
21346
21347
21351
21356
21369
21376
21392
21402
21408
21437
21474
21479
21499
21537
21541
21551
21563
21571
21577
21586
21588
21609
21617
21659
21673
21680
21681
21802
21813
21856
21858
21928
22010
22040
22062
22069
22084
22089
22103
22128
22143
22147
22172
22197
22228
22258
22284
22287
22293
22330
22348
22353
22362
22364
22382
22392
22394
22404
22438
22452
22474
22494
22508
22551
22588
22611
22633
22638
22672
22694
22715
22719
22723
22724
22740
22770
22782
22792
22798
22853
22912
22915
22941
22958
22962
22964
22968
22971
22982
23015
23049
23061
23090
23101
23115
23127
23176
23201
23248
23253
23255
23261
23281
23292
23314
23349
23370
23377
23383
23388
23395
23410
23444
23449
23450
23451
23468
23472
23509
23525
23528
23537
23538
23540
23543
23602
23613
23643
23681
23691
23699
23705
23733
23757
23778
23815
23816
23824
23847
23864
23865
23890
23905
23940
23990
24024
24037
24059
24075
24143
24252
24260
24275
24278
24279
24289
24292
24333
24343
24359
24416
24453
24458
24486
24493
24494
24505
24516
24533
24549
24607
24622
24701
24706
24726
24732
24742
24756
24771
24776
24793
24807
24828
24837
24874
24885
24910
24930
25096
25131
25141
25148
25156
25169
25170
25180
25210
25263
25264
25285
25310
25322
25354
25359
25404
25425
25478
25484
25487
25492
25498
25506
25527
25543
25566
25570
25609
25623
25670
25709
25753
25775
25791
25795
25796
25810
25880
25883
25891
25933
25936
25976
26019
26023
26025
26042
26058
26070
26094
26119
26154
26159
26168
26188
26284
26306
26326
26356
26374
26384
26398
26442
26443
26498
26509
26544
26561
26570
26617
26634
26647
26657
26666
26679
26688
26706
26747
26755
26772
26839
26841
26851
26854
26867
26873
26912
26924
26932
26958
27000
27008
27059
27074
27081
27084
27087
27102
27109
27142
27169
27187
27246
27247
27250
27259
27290
27308
27326
27338
27399
27430
27431
27480
27484
27492
27500
27502
27528
27598
27622
27640
27644
27646
27673
27677
27679
27686
27689
27707
27768
27789
27791
27800
27804
27851
27854
27864
27872
27909
27911
27957
27979
28033
28060
28062
28068
28112
28125
28138
28139
28141
28142
28157
28172
28174
28176
28196
28197
28200
28207
28267
28282
28290
28295
28303
28328
28358
28364
28408
28414
28441
28442
28456
28515
28520
28537
28540
28543
28566
28573
28598
28600
28602
28605
28621
28629
28641
28698
28725
28738
28749
28765
28766
28775
28869
28870
28874
28878
28919
28940
28941
28944
28971
28981
28998
29005
29020
29051
29055
29058
29063
29118
29200
29207
29222
29227
29271
29274
29276
29294
29330
29365
29393
29409
29445
29481
29511
29545
29559
29623
29628
29633
29638
29701
29733
29765
29811
29833
29835
29844
29875
29886
29891
29897
29904
29915
29947
29982
30052
30070
30120
30155
30168
30179
30214
30215
30256
30287
30306
30353
30361
30371
30377
30403
30420
30425
30430
30432
30487
30535
30552
30562
30579
30587
30600
30606
30610
30625
30640
30671
30713
30720
30725
30731
30788
30821
30833
30839
30856
30888
30974
31052
31083
31101
31133
31135
31143
31214
31218
31265
31311
31321
31326
31332
31336
31375
31431
31465
31483
31515
31549
31556
31558
31568
31588
31594
31627
31679
31687
31693
31694
31702
31708
31716
31717
31753
31764
31794
31812
31829
31833
31843
31878
31971
32022
32023
32024
32071
32084
32129
32133
32171
32190
32216
32222
32223
32239
32290
32297
32324
32335
32337
32338
32361
32412
32413
32426
32429
32460
32488
32498
32517
32525
32586
32605
32620
32666
32667
32693
32714
32716
32735
32761
32807
32852
32864
32891
32912
32920
32933
32942
32971
32983
32998
33052
33058
33073
33075
33102
33108
33122
33176
33192
33239
33244
33251
33261
33329
33340
33465
33475
33476
33519
33521
33532
33586
33618
33629
33648
33664
33674
33680
33681
33703
33732
33752
33769
33780
33787
33819
33834
33847
33852
33856
33857
33876
33906
33934
33948
33952
33955
33972
34001
34019
34024
34094
34096
34109
34166
34182
34191
34194
34196
34215
34245
34299
34322
34329
34337
34364
34469
34474
34494
34496
34519
34521
34565
34617
34633
34648
34679
34681
34682
34690
34691
34756
34780
34797
34800
34803
34813
34854
34862
34864
34881
34938
34960
35009
35013
35037
35077
35080
35101
35123
35130
35136
35212
35254
35270
35290
35304
35342
35352
35397
35444
35460
35468
35489
35505
35514
35567
35579
35581
35596
35606
35617
35643
35677
35689
35738
35743
35752
35763
35775
35795
35818
35830
35896
35911
35912
35934
35941
35960
36004
36010
36022
36033
36081
36108
36110
36114
36134
36157
36194
36223
36252
36272
36274
36323
36346
36349
36352
36367
36376
36403
36404
36407
36471
36475
36485
36521
36558
36568
36625
36653
36664
36705
36713
36758
36767
36778
36820
36886
36895
36919
36924
36939
36955
36979
36982
36985
36993
36996
37007
37017
37051
37131
37174
37196
37254
37265
37271
37297
37315
37349
37364
37391
37423
37473
37474
37492
37514
37534
37583
37605
37613
37615
37629
37643
37653
37654
37658
37685
37687
37691
37695
37708
37711
37750
37799
37826
37861
37870
37880
37881
37936
37945
37957
37991
38000
38008
38033
38051
38076
38177
38205
38236
38239
38240
38247
38254
38267
38282
38288
38291
38365
38381
38385
38401
38405
38426
38428
38462
38463
38474
38480
38486
38497
38498
38540
38543
38545
38546
38554
38575
38587
38635
38638
38645
38659
38670
38729
38747
38769
38774
38778
38833
38876
38890
38898
38909
38917
38921
38933
38938
38943
38948
38954
38974
38984
38991
39004
39012
39018
39082
39104
39105
39189
39198
39202
39203
39211
39217
39250
39260
39265
39288
39314
39325
39331
39358
39364
39377
39389
39399
39409
39418
39439
39443
39470
39492
39505
39508
39509
39538
39549
39579
39598
39602
39618
39621
39645
39743
39760
39762
39765
39787
39791
39802
39808
39832
39841
39859
39871
39875
39939
39952
39994
40024
40039
40085
40091
40127
40132
40143
40224
40237
40238
40254
40265
40281
40307
40314
40327
40330
40353
40363
40364
40393
40409
40455
40464
40516
40524
40537
40567
40575
40583
40594
40610
40626
40639
40648
40663
40692
40725
40758
40798
40800
40809
40817
40820
40846
40879
40880
40885
40899
40958
40966
40967
40972
40976
40984
40988
41019
41025
41028
41060
41061
41069
41083
41086
41112
41125
41128
41202
41213
41226
41233
41276
41313
41352
41383
41409
41435
41452
41464
41479
41486
41494
41518
41522
41578
41583
41620
41633
41690
41698
41700
41783
41816
41849
41884
41891
41897
41928
41957
41970
42039
42074
42083
42101
42132
42159
42185
42194
42197
42290
42302
42306
42322
42351
42382
42385
42404
42435
42453
42462
42492
42494
42526
42527
42569
42571
42590
42609
42619
42635
42652
42699
42767
42785
42787
42823
42879
42901
42928
42955
42962
42983
42985
42997
43004
43015
43020
43076
43079
43080
43122
43137
43163
43165
43166
43180
43217
43218
43220
43221
43226
43237
43242
43273
43275
43295
43331
43345
43350
43359
43367
43379
43410
43417
43438
43446
43465
43470
43488
43497
43516
43525
43537
43588
43604
43619
43632
43665
43682
43699
43701
43738
43788
43825
43831
43841
43843
43851
43861
43890
43938
43957
43983
44053
44091
44104
44113
44130
44139
44175
44179
44198
44240
44243
44253
44254
44262
44269
44277
44278
44343
44345
44349
44392
44400
44413
44419
44429
44450
44480
44481
44494
44506
44589
44633
44648
44666
44670
44671
44693
44698
44700
44716
44719
44741
44747
44752
44760
44813
44814
44816
44829
44972
44997
45018
45037
45038
45040
45045
45061
45067
45093
45104
45116
45133
45162
45170
45182
45202
45232
45235
45236
45255
45271
45273
45280
45313
45330
45400
45435
45436
45439
45455
45465
45573
45580
45596
45622
45643
45654
45754
45773
45812
45821
45837
45863
45872
45910
45926
45938
45960
45971
45973
45984
45997
46029
46032
46039
46076
46084
46146
46204
46224
46227
46242
46250
46256
46288
46307
46309
46334
46373
46422
46455
46456
46474
46504
46545
46554
46575
46579
46611
46636
46646
46653
46660
46671
46744
46777
46782
46830
46836
46868
46870
46875
46890
46894
46895
46917
46994
47003
47007
47051
47062
47085
47110
47111
47130
47145
47168
47169
47210
47231
47234
47275
47337
47363
47407
47427
47490
47498
47503
47522
47526
47552
47554
47593
47594
47606
47655
47658
47674
47679
47702
47705
47722
47749
47766
47781
47809
47841
47866
47901
47911
47962
47965
47975
47991
47992
48050
48056
48093
48097
48134
48136
48158
48171
48194
48215
48246
48251
48253
48267
48279
48293
48302
48308
48311
48330
48335
48347
48419
48438
48447
48464
48470
48472
48473
48482
48540
48542
48558
48563
48574
48605
48629
48634
48646
48650
48658
48679
48707
48723
48733
48774
48784
48786
48802
48804
48808
48836
48885
48939
48979
48989
49001
49028
49046
49111
49124
49129
49146
49160
49164
49216
49229
49239
49263
49284
49296
49325
49334
49345
49351
49353
49358
49368
49430
49437
49444
49454
49456
49481
49497
49516
49517
49571
49630
49637
49642
49688
49787
49805
49806
49834
49837
49841
49848
49952
49957
49964
49967
49971
49985
50000
50069
50149
50151
50161
50164
50187
50199
50201
50211
50221
50237
50313
50318
50361
50405
50447
50462
50466
50490
50499
50511
50523
50539
50546
50550
50553
50640
50646
50662
50708
50714
50737
50753
50756
50758
50761
50769
50804
50827
50833
50834
50887
50890
50913
50938
50942
50968
50983
50994
51011
51075
51087
51104
51112
51121
51174
51179
51201
51220
51226
51232
51268
51310
51344
51352
51416
51418
51424
51447
51462
51464
51486
51488
51490
51506
51507
51514
51515
51526
51558
51565
51569
51585
51629
51643
51668
51709
51713
51733
51755
51770
51787
51794
51806
51828
51831
51832
51835
51856
51868
51905
51913
51934
51942
51953
51962
51963
51990
52040
52051
52053
52071
52077
52079
52085
52089
52099
52106
52110
52156
52194
52201
52250
52266
52305
52324
52340
52355
52390
52423
52424
52435
52442
52460
52465
52494
52497
52501
52531
52533
52541
52551
52554
52565
52573
52583
52621
52667
52669
52674
52712
52717
52726
52736
52761
52776
52780
52820
52831
52844
52852
52882
52884
52890
52894
52979
52983
52991
53006
53007
53052
53108
53147
53158
53180
53200
53215
53225
53241
53261
53289
53291
53354
53370
53381
53408
53450
53465
53469
53477
53499
53543
53583
53586
53599
53629
53648
53649
53650
53686
53696
53716
53751
53768
53769
53811
53812
53825
53835
53868
53872
53911
54018
54024
54031
54048
54064
54081
54109
54120
54128
54143
54173
54194
54214
54224
54268
54269
54295
54303
54315
54337
54368
54369
54378
54381
54384
54404
54446
54451
54504
54514
54519
54639
54657
54681
54713
54741
54753
54770
54785
54790
54827
54845
54851
54901
54916
54943
54969
55014
55017
55021
55028
55041
55054
55149
55151
55185
55196
55208
55212
55245
55262
55265
55267
55334
55343
55383
55390
55410
55427
55442
55456
55461
55486
55493
55507
55513
55532
55547
55564
55610
55685
55690
55692
55700
55717
55747
55774
55791
55809
55818
55833
55846
55869
55916
55923
55925
55944
55973
56001
56004
56042
56054
56063
56073
56082
56083
56087
56116
56174
56215
56228
56231
56245
56257
56306
56323
56329
56337
56369
56381
56392
56395
56398
56408
56409
56482
56485
56521
56548
56595
56598
56619
56627
56677
56682
56684
56688
56699
56723
56735
56760
56770
56802
56829
56848
56855
56904
56930
56958
57024
57043
57057
57058
57094
57096
57153
57164
57166
57184
57197
57204
57220
57221
57233
57274
57292
57384
57396
57412
57451
57492
57503
57512
57527
57550
57551
57580
57631
57633
57665
57693
57698
57744
57772
57778
57796
57807
57810
57821
57826
57834
57864
57892
57949
58035
58048
58049
58059
58063
58084
58085
58112
58115
58144
58178
58208
58212
58215
58251
58256
58280
58286
58322
58372
58400
58401
58403
58424
58457
58458
58470
58520
58544
58560
58575
58583
58627
58643
58658
58671
58701
58703
58741
58743
58746
58757
58763
58764
58769
58774
58780
58825
58846
58882
58895
58898
58918
58932
58937
58940
58981
59028
59055
59089
59134
59154
59157
59169
59170
59178
59210
59214
59259
59274
59283
59293
59329
59353
59373
59380
59477
59493
59575
59591
59617
59641
59642
59668
59747
59753
59766
59785
59800
59811
59825
59869
59885
59910
59914
59932
59975
59987
59988
60024
60039
60060
60068
60081
60098
60112
60116
60140
60144
60175
60201
60225
60231
60247
60272
60298
60348
60351
60361
60409
60414
60419
60448
60449
60481
60521
60527
60531
60555
60560
60700
60744
60808
60815
60820
60849
60875
60893
60896
60927
60948
60960
61015
61045
61058
61094
61147
61168
61176
61242
61250
61262
61277
61305
61384
61409
61417
61428
61455
61472
61502
61524
61533
61547
61566
61585
61599
61631
61674
61696
61708
61713
61716
61735
61745
61751
61759
61763
61764
61777
61794
61814
61816
61841
61868
61878
61914
61942
61944
61948
61950
61951
61954
61985
61993
62006
62032
62048
62060
62095
62105
62132
62139
62141
62153
62176
62190
62192
62216
62252
62269
62281
62312
62356
62359
62363
62492
62497
62539
62577
62581
62588
62593
62597
62611
62646
62670
62703
62707
62785
62808
62863
62868
62891
62981
63025
63035
63057
63059
63069
63076
63103
63117
63147
63149
63164
63165
63195
63200
63228
63246
63249
63267
63303
63304
63309
63341
63349
63384
63385
63418
63456
63467
63478
63481
63482
63487
63491
63492
63506
63508
63549
63582
63604
63620
63634
63659
63661
63698
63722
63737
63743
63748
63762
63802
63808
63820
63824
63835
63846
63966
63991
63993
63997
64058
64095
64132
64172
64188
64200
64205
64214
64215
64260
64272
64282
64292
64313
64329
64360
64378
64395
64463
64479
64507
64509
64517
64541
64562
64568
64580
64585
64590
64663
64682
64707
64709
64710
64714
64781
64800
64829
64833
64842
64849
64857
64882
64898
65003
65086
65103
65105
65108
65110
65150
65151
65174
65175
65216
65226
65250
65252
65260
65261
65278
65297
65306
65316
65390
65407
65410
65431
65449
65473
65496
65517
65523
65561
65608
65610
65614
65624
65637
65679
65683
65712
65729
65735
65739
65771
65789
65806
65834
65839
65848
65854
65860
65867
65904
65926
65928
66022
66032
66054
66095
66100
66125
66130
66131
66144
66207
66224
66277
66302
66304
66317
66334
66345
66427
66448
66477
66544
66570
66573
66638
66654
66707
66740
66800
66801
66802
66832
66857
66892
66919
66924
66927
66954
66969
66988
67009
67017
67034
67048
67090
67126
67127
67138
67152
67217
67232
67246
67260
67282
67291
67353
67354
67356
67379
67381
67390
67457
67471
67498
67501
67534
67579
67585
67604
67615
67677
67698
67719
67760
67789
67792
67797
67841
67843
67845
67848
67869
67872
67915
67928
67942
67982
68004
68005
68012
68028
68070
68087
68098
68111
68118
68130
68161
68169
68173
68177
68217
68226
68264
68336
68343
68369
68377
68380
68392
68411
68417
68420
68444
68503
68504
68508
68518
68521
68542
68548
68588
68607
68649
68650
68663
68673
68679
68808
68813
68829
68835
68935
68971
68979
68998
69001
69031
69073
69074
69077
69081
69123
69210
69268
69278
69321
69322
69347
69392
69409
69425
69431
69437
69442
69444
69470
69472
69483
69497
69570
69571
69580
69581
69587
69598
69613
69643
69653
69654
69672
69676
69689
69720
69769
69775
69812
69889
69902
69914
69938
69950
69966
69983
69991
69994
70023
70037
70081
70142
70157
70178
70179
70210
70218
70286
70308
70318
70346
70351
70404
70455
70518
70523
70535
70551
70555
70560
70593
70635
70653
70681
70699
70744
70772
70777
70789
70804
70808
70821
70823
70847
70875
70884
70915
70945
70949
70976
70988
71027
71053
71084
71117
71209
71224
71237
71258
71304
71344
71370
71376
71378
71415
71420
71447
71472
71473
71488
71495
71579
71581
71588
71606
71620
71641
71647
71650
71653
71689
71704
71720
71744
71778
71790
71815
71836
71845
71851
71864
71867
71882
71888
71889
71908
71912
71914
71919
72010
72012
72033
72061
72075
72084
72087
72100
72116
72127
72144
72158
72190
72191
72208
72212
72221
72228
72246
72255
72326
72389
72416
72425
72443
72448
72457
72472
72499
72535
72543
72555
72617
72622
72672
72702
72739
72743
72756
72789
72820
72852
72876
72880
72905
72908
72925
72943
72944
72973
72977
72987
73057
73085
73099
73131
73139
73140
73141
73144
73160
73169
73181
73192
73207
73215
73230
73233
73268
73277
73290
73324
73325
73333
73336
73363
73410
73412
73419
73440
73463
73496
73514
73516
73518
73551
73565
73566
73579
73585
73603
73615
73618
73644
73662
73664
73699
73715
73719
73745
73755
73764
73766
73808
73816
73849
73918
73920
73958
73959
74024
74031
74047
74057
74069
74077
74101
74114
74129
74172
74176
74190
74195
74217
74224
74235
74311
74328
74367
74402
74405
74411
74419
74428
74449
74472
74517
74532
74555
74565
74609
74624
74646
74672
74674
74689
74718
74805
74844
74857
74867
74870
74924
74956
74979
74982
75042
75046
75060
75069
75134
75139
75181
75189
75196
75208
75265
75268
75282
75293
75295
75299
75300
75304
75307
75315
75327
75342
75345
75354
75357
75386
75390
75397
75422
75439
75440
75461
75495
75507
75515
75599
75622
75626
75643
75675
75701
75709
75736
75768
75807
75814
75845
75846
75856
75874
75876
75902
75925
75926
75946
75954
75964
75967
75968
76047
76054
76062
76070
76071
76072
76076
76077
76081
76089
76092
76100
76101
76110
76125
76133
76181
76187
76218
76229
76230
76278
76311
76332
76345
76381
76406
76410
76411
76412
76427
76445
76490
76492
76590
76658
76713
76721
76727
76732
76734
76753
76782
76783
76794
76824
76827
76828
76830
76858
76868
76888
76929
76933
76942
76955
76973
77031
77038
77049
77060
77082
77094
77106
77111
77116
77126
77231
77233
77234
77247
77248
77266
77293
77302
77334
77348
77391
77398
77413
77428
77442
77472
77493
77501
77506
77515
77524
77552
77562
77594
77599
77620
77622
77638
77645
77652
77679
77689
77692
77695
77703
77728
77733
77739
77770
77834
77878
77880
77923
77945
77970
77996
78003
78014
78039
78056
78058
78075
78082
78094
78104
78115
78121
78147
78189
78225
78230
78240
78247
78295
78300
78369
78387
78399
78401
78410
78425
78477
78500
78504
78553
78588
78603
78655
78699
78710
78717
78722
78755
78798
78808
78826
78853
78861
78869
78938
78939
78983
78988
79056
79065
79083
79108
79122
79125
79141
79187
79190
79205
79244
79254
79268
79282
79283
79324
79334
79362
79452
79455
79458
79459
79489
79503
79520
79558
79576
79577
79591
79592
79604
79631
79650
79684
79694
79702
79731
79739
79750
79807
79809
79817
79834
79854
79882
79902
79944
79960
79962
80010
80015
80030
80047
80064
80067
80071
80099
80117
80118
80146
80147
80155
80185
80199
80218
80222
80244
80271
80293
80299
80305
80318
80349
80370
80372
80397
80437
80438
80439
80445
80446
80457
80498
80532
80541
80552
80575
80610
80652
80665
80679
80693
80716
80732
80741
80763
80772
80854
80856
80979
80982
80987
80997
81000
81030
81037
81041
81049
81052
81057
81080
81088
81092
81093
81116
81151
81155
81157
81166
81178
81225
81233
81268
81283
81293
81374
81380
81393
81425
81540
81555
81612
81613
81627
81629
81643
81648
81706
81709
81723
81735
81749
81752
81756
81768
81777
81798
81814
81837
81838
81848
81859
81879
81898
81921
81923
81926
81932
81993
81998
82043
82087
82122
82149
82157
82158
82170
82212
82249
82260
82261
82283
82287
82299
82329
82342
82376
82410
82439
82455
82500
82527
82552
82580
82593
82638
82645
82672
82692
82709
82791
82816
82829
82845
82862
82900
82905
82925
82955
83036
83039
83056
83063
83096
83106
83107
83128
83131
83135
83136
83144
83145
83201
83210
83239
83244
83249
83252
83278
83316
83319
83331
83336
83338
83356
83383
83396
83420
83447
83475
83481
83494
83495
83516
83521
83565
83575
83578
83589
83624
83635
83659
83674
83703
83706
83740
83769
83804
83817
83825
83837
83842
83848
83852
83893
83912
83925
83931
83945
83968
83999
84000
84049
84053
84062
84065
84077
84093
84103
84137
84192
84211
84234
84260
84266
84366
84376
84381
84396
84397
84450
84453
84482
84486
84490
84512
84521
84528
84546
84547
84568
84573
84620
84623
84624
84626
84660
84683
84692
84722
84730
84735
84787
84821
84823
84824
84826
84839
84878
84911
84952
84954
84958
85001
85022
85029
85035
85101
85103
85114
85123
85125
85130
85131
85132
85133
85164
85192
85274
85276
85280
85300
85314
85370
85391
85398
85408
85424
85439
85445
85448
85455
85471
85481
85483
85541
85589
85593
85601
85623
85633
85676
85705
85773
85775
85832
85835
85840
85841
85856
85857
85875
85890
85925
85933
85942
85949
86012
86054
86112
86129
86144
86159
86161
86191
86292
86295
86303
86316
86331
86335
86365
86391
86426
86433
86444
86445
86447
86471
86488
86499
86503
86522
86611
86613
86632
86645
86649
86752
86760
86790
86795
86798
86837
86840
86880
86899
86931
86969
86994
87010
87045
87067
87085
87091
87122
87138
87173
87202
87207
87241
87252
87292
87293
87301
87323
87324
87326
87352
87365
87387
87443
87450
87473
87484
87498
87521
87548
87552
87590
87602
87614
87653
87685
87696
87709
87721
87745
87776
87787
87802
87832
87844
87849
87853
87983
87996
88027
88046
88048
88060
88088
88114
88181
88195
88229
88248
88270
88278
88280
88292
88298
88368
88423
88430
88443
88477
88480
88519
88530
88571
88677
88769
88806
88845
88851
88873
88897
88902
88914
88929
88964
88973
88976
88986
88993
89043
89045
89055
89067
89096
89113
89134
89143
89145
89157
89188
89199
89202
89207
89223
89225
89279
89295
89311
89321
89336
89377
89424
89428
89436
89450
89453
89464
89468
89469
89481
89482
89550
89551
89573
89586
89587
89590
89595
89598
89604
89644
89664
89703
89738
89748
89805
89821
89854
89866
89869
89873
89925
89937
89969
89979
89983
90013
90039
90061
90122
90127
90132
90140
90148
90169
90188
90206
90227
90234
90247
90255
90267
90299
90342
90343
90344
90356
90359
90377
90391
90410
90415
90467
90486
90500
90505
90524
90531
90539
90564
90627
90628
90679
90700
90709
90717
90746
90756
90759
90775
90777
90796
90801
90823
90847
90853
90859
90891
90917
90940
90948
90964
90970
90974
90978
90989
91021
91027
91029
91065
91077
91089
91103
91115
91135
91225
91231
91245
91258
91260
91270
91271
91309
91330
91337
91397
91403
91410
91446
91450
91454
91470
91472
91475
91480
91490
91496
91508
91551
91555
91608
91644
91666
91714
91747
91753
91794
91809
91865
91878
91897
91907
91926
92019
92043
92055
92059
92092
92095
92103
92119
92122
92125
92209
92263
92270
92276
92281
92284
92297
92324
92350
92417
92484
92516
92557
92628
92681
92688
92693
92711
92723
92739
92760
92767
92775
92781
92812
92816
92846
92850
92862
92881
92892
92901
92902
92917
92972
93019
93024
93048
93061
93101
93102
93108
93124
93125
93146
93162
93201
93258
93266
93271
93274
93282
93291
93293
93298
93299
93322
93355
93390
93420
93422
93444
93447
93455
93489
93516
93520
93548
93552
93584
93593
93594
93595
93627
93663
93694
93695
93698
93707
93819
93827
93836
93875
93885
93900
93927
93937
93966
93988
94006
94029
94038
94039
94046
94063
94094
94101
94117
94143
94161
94179
94182
94186
94217
94220
94227
94255
94261
94303
94320
94364
94420
94437
94464
94473
94475
94536
94568
94572
94591
94610
94617
94634
94663
94681
94691
94701
94773
94782
94789
94797
94805
94818
94858
94861
94872
94916
94968
94983
95018
95027
95038
95056
95078
95103
95105
95118
95125
95138
95139
95194
95205
95207
95210
95214
95247
95256
95268
95278
95320
95321
95344
95347
95351
95369
95375
95378
95383
95411
95466
95471
95518
95554
95561
95598
95624
95691
95692
95709
95713
95778
95807
95846
95852
95870
95897
95977
96022
96048
96050
96071
96135
96156
96187
96198
96230
96246
96260
96265
96307
96395
96436
96446
96465
96490
96494
96499
96529
96575
96583
96613
96625
96634
96656
96711
96713
96714
96738
96762
96768
96824
96847
96905
96931
96933
96956
96961
97055
97067
97077
97091
97137
97182
97214
97221
97284
97287
97297
97309
97314
97337
97339
97392
97393
97453
97466
97488
97498
97536
97575
97596
97638
97639
97652
97695
97725
97737
97754
97794
97820
97829
97851
97868
97904
97954
97965
98003
98018
98055
98076
98078
98083
98092
98130
98134
98156
98182
98191
98194
98222
98246
98259
98264
98285
98295
98298
98312
98336
98341
98363
98378
98381
98415
98418
98433
98478
98490
98517
98519
98525
98576
98594
98611
98612
98619
98621
98630
98654
98672
98740
98760
98765
98811
98832
98867
98887
98890
98910
98912
98914
98929
98943
98945
98947
99042
99043
99080
99082
99095
99165
99172
99211
99284
99287
99304
99315
99319
99336
99338
99362
99365
99392
99409
99415
99430
99455
99456
99476
99485
99529
99579
99580
99587
99624
99628
99630
99638
99646
99657
99708
99719
99720
99724
99727
99798
99846
99851
99860
99869
99875
99890
99893
99912
99929
99938
99967
99994
100021
100026
100085
100098
100111
100130
100155
100190
100235
100264
100312
100332
100338
100362
100380
100385
